170 5 554 198 -1 24 300 190
0 0 0 1 1 1 1 1 1 1 
0 0 0 0 0 0 1 1 1 1 
0 0 0 1 1 1 1 1 1 1 
0 0 1 1 1 1 1 1 1 1 
0 0 0 1 1 1 1 1 1 1 
-1 -1 -1 -1 -1 -1 798 226 868 226 938 226 1008 226 1078 226 1148 226 1218 226 
-1 -1 -1 -1 -1 -1 -1 -1 -1 -1 -1 -1 1008 376 1078 376 1148 376 1218 376 
-1 -1 -1 -1 -1 -1 798 526 868 526 938 526 1008 526 1078 526 1148 526 1218 526 
-1 -1 -1 -1 728 676 798 676 868 676 938 676 1008 676 1078 676 1148 676 1218 676 
-1 -1 -1 -1 -1 -1 798 826 868 826 938 826 1008 826 1078 826 1148 826 1218 826 
-1 -1 -1 -1 -1 
-1 -1 -1 -1 -1 